This file contains the covariance matrices for the three measurements
of the muon-neutrino charged-current inclusive cross section. Redundant
information is included as the covariance matrix is symmetric.

#numu CC inclusive total cross section per nucleon as a function
of neutrino energy (10 bins)
1.9092e-03	2.2217e-03	1.8432e-03	1.5673e-03	1.4234e-03	1.1805e-03	6.6587e-04	-2.5176e-04	-1.4774e-03	-2.8676e-03	
2.2217e-03	4.3060e-03	4.5562e-03	3.6377e-03	2.4906e-03	1.2586e-03	2.6210e-04	1.1545e-04	1.2077e-03	3.2431e-03	
1.8432e-03	4.5562e-03	6.7132e-03	6.3833e-03	3.8760e-03	1.3025e-03	7.4324e-04	2.2222e-03	4.3174e-03	6.1583e-03	
1.5673e-03	3.6377e-03	6.3833e-03	7.4180e-03	6.1436e-03	4.2731e-03	3.7548e-03	4.2886e-03	4.4271e-03	3.9693e-03	
1.4234e-03	2.4906e-03	3.8760e-03	6.1436e-03	8.7505e-03	9.9670e-03	9.1006e-03	6.6888e-03	4.1483e-03	3.2170e-03	
1.1805e-03	1.2586e-03	1.3025e-03	4.2731e-03	9.9670e-03	1.4383e-02	1.4835e-02	1.2194e-02	9.5685e-03	1.0507e-02	
6.6587e-04	2.6210e-04	7.4324e-04	3.7548e-03	9.1006e-03	1.4835e-02	1.9432e-02	2.2432e-02	2.4470e-02	2.9667e-02	
-2.5176e-04	1.1545e-04	2.2222e-03	4.2886e-03	6.6888e-03	1.2194e-02	2.2432e-02	3.5234e-02	4.6649e-02	6.0280e-02	
-1.4774e-03	1.2077e-03	4.3174e-03	4.4271e-03	4.1483e-03	9.5685e-03	2.4470e-02	4.6649e-02	6.9751e-02	9.6804e-02	
-2.8676e-03	3.2431e-03	6.1583e-03	3.9693e-03	3.2170e-03	1.0507e-02	2.9667e-02	6.0280e-02	9.6804e-02	1.4288e-01	


#numu CC inclusive differential cross section per nucleon as a
function of muon energy (11 bins)
6.3991e-03	6.0830e-03	4.0260e-03	3.4202e-03	3.0221e-03	2.7890e-03	2.0649e-03	8.4417e-04	-6.0206e-05	7.7270e-05	3.9718e-04	
6.0830e-03	7.5211e-03	6.3880e-03	4.8466e-03	4.2290e-03	3.3392e-03	2.1738e-03	1.3510e-03	1.0657e-03	8.7993e-04	3.4446e-04	
4.0260e-03	6.3880e-03	7.5430e-03	6.0818e-03	4.1803e-03	2.7466e-03	2.2761e-03	2.4178e-03	2.3516e-03	1.4275e-03	2.1058e-04	
3.4202e-03	4.8466e-03	6.0818e-03	6.1311e-03	4.1480e-03	3.1188e-03	3.0808e-03	2.8327e-03	1.9499e-03	9.2822e-04	2.8463e-04	
3.0221e-03	4.2290e-03	4.1803e-03	4.1480e-03	5.6593e-03	5.1934e-03	3.1718e-03	1.5212e-03	1.0383e-03	9.2467e-04	3.3643e-04	
2.7890e-03	3.3392e-03	2.7466e-03	3.1188e-03	5.1934e-03	5.3623e-03	3.4968e-03	1.6043e-03	8.3110e-04	7.7939e-04	3.6557e-04	
2.0649e-03	2.1738e-03	2.2761e-03	3.0808e-03	3.1718e-03	3.4968e-03	3.5462e-03	2.7831e-03	1.5775e-03	7.1883e-04	3.2699e-04	
8.4417e-04	1.3510e-03	2.4178e-03	2.8327e-03	1.5212e-03	1.6043e-03	2.7831e-03	3.2428e-03	2.3954e-03	1.0326e-03	2.3796e-04	
-6.0206e-05	1.0657e-03	2.3516e-03	1.9499e-03	1.0383e-03	8.3110e-04	1.5775e-03	2.3954e-03	2.4194e-03	1.3674e-03	1.9071e-04	
7.7270e-05	8.7993e-04	1.4275e-03	9.2822e-04	9.2467e-04	7.7939e-04	7.1883e-04	1.0326e-03	1.3674e-03	1.0758e-03	2.2302e-04	
3.9718e-04	3.4446e-04	2.1058e-04	2.8463e-04	3.3643e-04	3.6557e-04	3.2699e-04	2.3796e-04	1.9071e-04	2.2302e-04	1.5214e-04


#numu CC inclusive differential cross section per nucleon as a
function of energy transfer to argon nucleus (8 bins)
1.6436e-02	1.3798e-02	9.8264e-03	4.5554e-03	7.5314e-04	-1.2332e-03	-1.2450e-03	-1.4177e-04	
1.3798e-02	1.4624e-02	1.1970e-02	4.7418e-03	6.7348e-04	-2.9842e-04	-1.7823e-04	-1.5695e-04	
9.8264e-03	1.1970e-02	1.2172e-02	7.0473e-03	3.3854e-03	1.8463e-03	8.5079e-04	-6.9049e-05	
4.5554e-03	4.7418e-03	7.0473e-03	8.1497e-03	6.5149e-03	3.5406e-03	9.9346e-04	1.1805e-04	
7.5314e-04	6.7348e-04	3.3854e-03	6.5149e-03	6.2236e-03	3.6541e-03	1.1242e-03	2.2775e-04	
-1.2332e-03	-2.9842e-04	1.8463e-03	3.5406e-03	3.6541e-03	2.6797e-03	1.2861e-03	2.5977e-04	
-1.2450e-03	-1.7823e-04	8.5079e-04	9.9346e-04	1.1242e-03	1.2861e-03	9.9850e-04	2.3596e-04	
-1.4177e-04	-1.5695e-04	-6.9049e-05	1.1805e-04	2.2775e-04	2.5977e-04	2.3596e-04	1.1304e-04